100
2
10 11
3
0 9 9
4
81 67 83 86
3
11 22 30
1
0
1
5
1
999999
1
1000000
2
5 10
3
0 10 11
5
10 20 21 22 23
5
422808 211404 761062 845625 491519
5
14 48 78 10 65
5
16 95 28 61 67
5
12 54 20 98 26
5
1 25 31 10 81
5
93 89 40 27 5
5
88 43 89 98 86
5
73 41 94 23 56
5
62 57 69 88 12
5
87 49 60 10 83
5
66 47 59 50 92
10
41 100 96 65 75 15 17 32 95 73
10
79 6 76 47 40 27 22 16 55 12
10
76 27 75 53 66 12 94 92 17 95
10
47 76 41 79 82 71 54 20 24 37
10
89 92 12 22 91 31 52 19 83 99
10
7 10 48 81 40 82 42 34 92 53
10
41 12 50 37 24 64 64 17 61 12
10
77 38 34 14 65 67 67 33 30 31
10
72 77 58 37 86 67 44 65 45 21
10
78 29 72 88 37 66 45 66 6 18
5
906821 812508 927775 935567 845917
5
814155 991757 864590 813745 836510
5
854834 880123 860569 845791 892956
5
818194 829425 943238 847674 879930
5
989364 978527 911955 923071 954396
5
802769 889000 914291 817572 886419
5
824732 987941 810952 832224 856423
5
881848 951212 993472 936933 924478
5
859730 860795 943405 859287 891436
5
826932 970684 996984 916667 933631
10
978247 971696 996941 803889 877426 894024 891385 959533 918659 867097
10
819710 925419 998947 816700 926697 835581 839167 988643 843432 929957
10
998745 878698 915783 894520 964385 952367 921227 830226 989997 821299
10
884511 994089 836862 931770 941264 870089 946333 891897 975710 881126
10
962337 976881 978932 913121 928176 840222 879898 875357 981258 981528
10
943727 910272 829815 923760 802851 987123 857095 948621 956677 924624
10
884668 869401 980060 997093 988781 960480 961534 981993 878766 852591
10
921044 985051 824464 898332 966039 895794 857566 968474 875583 900878
10
918740 866403 963061 906595 997399 916132 994062 925516 940680 826961
10
822120 975546 971978 877769 946796 848509 900393 800227 826681 838929
10
51 15 6 81 925393 33 860072 810745 841636 887634
10
93 800378 852482 951871 23 53 22 802141 98 896726
10
872873 934097 56 66 860031 853889 918900 29 35 12
10
904750 868613 74 920394 64 73 832640 835878 2 3
10
5 870493 917674 32 908187 863307 22 32 961845 80
10
913205 894241 976049 944115 20 51 893694 54 71 70
10
901720 861306 28 944492 3 9 864333 96 947295 67
10
0 65 848926 818093 15 24 820649 26 925171 906533
10
51 77 864942 30 883479 997830 20 57 838394 957901
10
850201 899622 810829 27 908502 42 27 26 13 919982
10
16 906707 6 841837 868159 988543 94 95 852874 71
10
69 831311 990497 858538 49 91 995097 93 834971 13
10
28 96 968258 61 951927 891437 24 893475 9 950547
10
863078 936647 20 875294 961583 0 939403 48 10 7
10
944225 54 33 840053 883504 872692 74 994028 48 54
10
842950 22 64 24 867801 899092 996000 877799 46 9
10
821616 87 917074 8 77 58 860629 844764 943782 40
10
60 879015 70 807555 885545 932396 890148 18 91 82
10
62 819733 910599 100 823396 59 29 826206 950369 67
10
869150 94 94 94 975440 39 811160 875326 958027 21
7
575000 282696 490960 57085 990050 457605 909905
7
957690 836150 731340 580835 899491 830585 570105
7
275744 552447 515045 875780 602870 827440 847195
8
854940 418845 395390 175920 438105 483675 743285 22345
8
55755 93525 4505 831975 159285 931425 454255 179425
10
374780 149315 657600 10995 255339 949220 906050 840495 257240 453020
9
668055 677163 664551 437640 210110 859335 661570 48735 800760
10
744405 157736 832038 383170 853879 706145 807440 470170 560550 334610
9
340330 568100 627110 638435 103900 34255 180255 857095 962035
9
856105 753993 243645 677440 137820 499594 294500 969780 570760
7
349287 275080 245206 497505 241530 584410 794295
8
506153 332120 14660 132135 142620 218915 273930 546105
10
449660 129575 349985 771105 503245 118645 614335 911005 583615 991320
7
728705 647670 688825 444495 37410 634690 140067
9
824065 14925 968655 939005 861610 390010 378595 14990 704990
7
802106 936075 292452 307755 937765 572500 146256
7
84210 347925 351440 225635 633415 635110 144800
7
85395 433280 964990 744745 885055 552400 599875
9
416995 352623 613965 931175 407155 954790 970880 780535 256120
9
434969 731635 624255 486005 771857 13750 307815 852060 260545
4
958957 221400 668304 196139
6
578534 481438 397158 278103 504995 235817
5
45974 13111 665699 285318 285312
9
354278 266850 286794 642769 985537 577448 32468 128290 312414
6
446930 102029 654026 963074 595193 164190
10
199834 271741 949309 213533 38438 333938 17218 688967 922639 432740
3
41902 988587 903938
1
509196
